00 00 00 00 00 00 00 00 00 00 00 00 00 00 00 00 00 00 00 00 00 00 00 00 00 00 00 00 00 00 00 00 00 00 00 00 00 00 00 00 00 00 00 00 00 00
02 BC 04 B0 00 00 00 00 00 00 04 B0 04 B0 00 00 00 00 04 B0 04 B0 00 00 00 00 00 C8 00 00 00 00 00 00 00 00 00 00 00 00 00 00 00 00 00 00
02 BC  04 B0 00 00 00 00 00 00 04 B0 04 B0 00 00 00 00 04 B0 04 B0 00 00 00 C8 00 C8 00 00 00 00 00 00 00 00 00 00 00 00 00 00 00 00 00 00
02 BC  04 B0 00 00 00 00 00 00 04 B0 04 B0 00 00 00 00 04 B0 04 B0 00 00 FF 88 FF 88 00 00 00 00 00 00 00 00 00 00 00 00 00 00 00 00 00 00
02 BC  04 B0 00 00 00 00 00 00 04 B0 04 B0 00 00 00 00 04 B0 04 B0 00 00 00 C8 00 C8 00 00 00 00 00 00 00 00 00 00 00 00 00 00 00 00 00 00
02 BC  04 B0 00 00 00 00 00 00 04 B0 04 B0 00 00 00 00 04 B0 04 B0 00 00 FF 88 FF 88 00 00 00 00 00 00 00 00 00 00 00 00 00 00 00 00 00 00
02 BC  04 B0 00 00 00 00 00 00 04 B0 04 B0 00 00 00 00 04 B0 04 B0 00 00 00 00 00 C8 00 00 00 00 00 00 00 00 00 00 00 00 00 00 00 00 00 00
02 BC  04 B0 00 00 00 00 00 00 04 B0 04 B0 00 00 00 00 04 B0 04 B0 00 00 00 00 00 C8 00 00 00 00 00 00 00 00 00 00 00 00 00 00 00 00 00 00
02 BC  04 B0 00 00 00 00 00 00 04 B0 04 B0 00 00 00 00 04 B0 04 B0 00 00 00 00 00 00 00 00 00 00 00 00 00 00 00 00 00 00 00 00 00 00 00 00
02 BC  04 B0 00 00 00 00 00 00 04 B0 04 B0 00 00 04 C1 04 B0 04 B0 00 00 00 00 00 00 00 00 04 EA 00 00 00 00 00 00 00 00 00 00 00 00 00 00
02 BC  04 B0 00 00 00 00 00 00 04 B0 04 B0 00 00 00 00 04 B0 04 B0 00 00 00 00 00 00 00 00 00 00 00 00 00 00 00 00 00 00 00 00 00 00 00 00
02 BC  04 B0 00 00 00 00 00 00 04 B0 04 B0 00 00 04 C1 04 B0 04 B0 00 00 00 00 00 00 00 00 04 EA 00 00 00 00 00 00 00 00 00 00 00 00 00 00
02 BC  04 B0 00 00 00 00 00 00 04 B0 04 B0 00 00 00 00 04 B0 04 B0 00 00 00 00 00 00 00 00 00 00 00 00 00 00 00 00 00 00 00 00 00 00 00 00
00 00 00 00 00 00 00 00 00 00 00 00 00 00 00 00 00 00 00 00 00 00 00 00 00 00 00 00 00 00 00 00 00 00 00 00 00 00 00 00 00 00 00 00 00 00
00 00 00 00 00 00 00 00 00 00 04 B0 04 B0 04 B0 04 B0 04 B0 04 B0 00 00 00 00 00 00 04 B0 04 B0 00 00 00 00 00 00 00 00 00 00 00 00 00 00
02 BC  03 A5 00 00 00 00 00 00 04 B0 04 B0 04 B0 04 B0 04 B0 04 B0 00 00 00 00 00 00 04 B0 04 B0 00 00 00 00 00 00 00 00 00 00 00 00 00 00
02 BC  03 A5 00 00 00 00 00 00 04 B0 04 B0 04 B0 04 B0 04 B0 04 B0 00 00 00 00 00 00 04 B0 04 B0 FF 9C 00 00 00 00 00 00 00 00 00 00 00 00
02 BC  03 A5 00 00 00 00 00 00 04 B0 04 B0 04 B0 04 B0 04 B0 04 B0 00 00 00 00 00 00 04 B0 04 B0 00 64 00 00 00 00 00 00 00 00 00 00 00 00
02 BC  03 A5 00 00 00 00 00 00 04 B0 04 B0 04 B0 04 B0 04 B0 04 B0 00 00 00 00 00 00 04 B0 04 B0 FF 9C 00 00 00 00 00 00 00 00 00 00 00 00
02 BC  03 A5 00 00 00 00 00 00 04 B0 04 B0 04 B0 04 B0 04 B0 04 B0 00 00 00 00 00 00 04 B0 04 B0 00 64 00 00 00 00 00 00 00 00 00 00 00 00
 00 00 00 00 00 00 00 00 00 00 00 00 00 00 00 00 00 00 00 00 00 00 00 00 00 00 00 00 00 00 00 00 00 00 00 00 00 00 00 00 00 00 00 00 00 00
 00 00 00 00 00 00 00 00 FF 38 00 00 00 00 00 00 00 00 00 00 00 00 FF 88 FF 88 FF 88 00 00 00 00 00 00 00 00 00 00 00 00 00 00 00 00 00 00
 00 00 00 00 00 00 00 00 00 C8 00 00 00 00 00 00 00 00 00 00 00 00 00 C8 00 C8 00 C8 00 00 00 00 00 00 00 00 00 00 00 00 00 00 00 00 00 00
 00 00 00 00 00 00 00 00 FF 38 00 00 00 00 00 00 00 00 00 00 00 00 FF 88 FF 88 FF 88 00 00 00 00 00 00 00 00 00 00 00 00 00 00 00 00 00 00
 00 00 00 00 00 00 00 00 00 C8 00 00 00 00 00 00 00 00 00 00 00 00 00 C8 00 C8 00 C8 00 00 00 00 00 00 00 00 00 00 00 00 00 00 00 00 00 00
 00 00 00 00 00 00 00 00 00 00 00 00 00 00 00 00 00 00 00 00 00 00 00 00 00 00 00 00 00 00 00 00 00 00 00 00 00 00 00 00 00 00 00 00 00 00
02 BC  04 B0 00 00 02 8A 00 00 00 00 00 00 00 00 00 00 00 00 00 00 00 00 00 00 00 00 00 00 00 00 00 00 00 00 00 00 00 00 00 00 00 00 00 00
02 BC  04 B0 00 00 02 8A 00 00 00 00 00 00 00 00 00 00 00 00 00 00 00 00 00 00 00 00 04 B0 02 9B 00 00 00 00 00 00 00 00 00 00 00 00 00 00
02 BC 04 B0 00 00 02 8A 00 00 00 00 00 00 04 B0 02 C4 00 00 00 00 00 00 00 00 00 00 04 B0 02 9B 00 00 00 00 00 00 00 00 00 00 00 00 00 00
02 BC  04 B0 00 00 02 8A 00 00 02 47 04 B0 04 B0 02 C4 00 00 00 00 00 00 00 00 00 00 04 B0 02 9B 00 00 00 00 00 00 00 00 00 00 00 00 00 00
02 BC  04 B0 00 00 02 8A 00 00 02 47 04 B0 04 B0 02 C4 04 B0 02 37 00 00 00 00 00 00 04 B0 02 9B 00 00 00 00 00 00 00 00 00 00 00 00 00 00
02 BC  04 B0 00 00 02 8A 00 00 02 47 04 B0 04 B0 02 C4 00 00 00 00 00 00 00 00 00 00 04 B0 02 9B 00 00 00 00 00 00 00 00 00 00 00 00 00 00
02 BC  04 B0 00 00 02 8A 00 00 00 00 00 00 04 B0 01 FC 00 00 00 00 00 00 00 00 00 00 04 B0 02 9B 00 00 00 00 00 00 00 00 00 00 00 00 00 00
02 BC  04 B0 00 00 02 8A 00 00 00 00 00 00 00 00 00 00 00 00 00 00 00 00 00 00 00 00 04 B0 02 9B 00 00 00 00 00 00 00 00 00 00 00 00 00 00
02 BC  04 B0 00 00 02 8A 00 00 00 00 00 00 00 00 00 00 00 00 00 00 00 00 00 00 00 00 00 00 00 00 00 00 00 00 00 00 00 00 00 00 00 00 00 00
00 00 00 00 00 00 00 00 00 00 00 00 00 00 00 00 00 00 00 00 00 00 00 00 00 00 00 00 00 00 00 00 00 00 00 00 00 00 00 00 00 00 00 00 00 00
00 00 00 00 00 00 00 00 00 10 04 B0 04 B0 04 B0 04 B0 00 00 00 00 FF 38 00 00 00 C8 00 00 00 00 00 00 00 00 00 00 00 00 00 00 00 00 00 00
02 BC  01 A1 00 00 00 00 00 00 00 00 00 00 00 00 00 00 00 00 00 00 00 00 00 00 00 00 04 B0 02 47 00 00 00 00 00 00 00 00 00 00 00 00 00 00
02 BC  01 A1 00 00 00 59 00 00 00 00 00 00 04 3B 02 47 00 00 00 00 00 00 00 00 00 00 00 00 00 00 00 00 00 00 00 00 00 00 00 00 00 00 00 00
02 BC  00 85 00 00 01 00 00 00 02 58 04 B0 00 00 00 00 00 00 00 00 00 00 00 00 00 00 00 00 00 00 00 00 00 00 00 00 00 00 00 00 00 00 00 00
02 BC  01 1B 00 00 01 74 00 00 00 00 00 00 00 00 00 00 03 F0 02 58 00 00 00 00 00 00 00 00 00 00 00 00 00 00 00 00 00 00 00 00 00 00 00 00
 00 00 00 00 00 00 00 00 00 00 00 00 00 00 00 00 00 00 00 00 00 00 00 00 00 00 00 00 00 00 00 00 00 00 00 00 00 00 00 00 00 00 00 00 00 00
